# This file may be used to create an environment using:
# $ conda create --name <env> --file <this file>
# platform: linux-64
_libgcc_mutex=0.1=conda_forge
_openmp_mutex=4.5=1_gnu
ase=3.21.1=pypi_0
biopython=1.77=pypi_0
blas=1.0=mkl
bzip2=1.0.8=h7f98852_4
ca-certificates=2020.12.5=ha878542_0
certifi=2020.6.20=pypi_0
chardet=4.0.0=pypi_0
click=7.1.2=pypi_0
cudatoolkit=10.2.89=hfd86e86_1
cycler=0.10.0=pypi_0
decorator=4.4.2=pypi_0
esm=0.2.0=pypi_0
filelock=3.0.12=pypi_0
freetype=2.9.1=h8a8886c_1
gawk=5.1.0=h7f98852_0
gettext=0.19.8.1=hf34092f_1004
googledrivedownloader=0.4=pypi_0
h5py=3.2.0=pypi_0
idna=2.10=pypi_0
intel-openmp=2019.4=243
isodate=0.6.0=pypi_0
jinja2=2.11.3=pypi_0
joblib=1.0.0=pypi_0
jpeg=9b=h024ee3a_2
kiwisolver=1.2.0=pypi_0
ld_impl_linux-64=2.33.1=h53a641e_7
libedit=3.1.20181209=hc058e9b_0
libffi=3.2.1=hd88cf55_4
libgcc-ng=9.3.0=h2828fa1_18
libgfortran-ng=7.3.0=hdf63c60_0
libgomp=9.3.0=h2828fa1_18
libidn2=2.3.0=h516909a_0
libpng=1.6.37=hbc83047_0
libstdcxx-ng=9.3.0=h6de172a_18
libtiff=4.1.0=h2733197_0
libunistring=0.9.10=h14c3975_0
libuv=1.40.0=h7b6447c_0
llvmlite=0.35.0=pypi_0
markupsafe=1.1.1=pypi_0
matplotlib=3.3.1=pypi_0
mkl=2019.4=243
mkl-service=2.3.0=py38he904b0f_0
mkl_fft=1.0.15=py38ha843d7b_0
mkl_random=1.1.0=py38h962f231_0
mmseqs2=13.45111=h95f258a_1
ncurses=6.1=he6710b0_1
networkx=2.5=pypi_0
ninja=1.9.0=py38hfd86e86_0
numba=0.52.0=pypi_0
numpy=1.18.1=py38h4f9e942_0
numpy-base=1.18.1=py38hde5b4d6_1
olefile=0.46=py_0
openssl=1.1.1k=h7f98852_0
packaging=20.9=pypi_0
pandas=1.2.3=pypi_0
pillow=7.0.0=py38hb39fc2d_0
pip=20.0.2=py38_1
pyparsing=2.4.7=pypi_0
python=3.8.1=h0371630_1
python-dateutil=2.8.1=pypi_0
python-louvain=0.15=pypi_0
python_abi=3.8=1_cp38
pytorch=1.7.1=py3.8_cuda10.2.89_cudnn7.6.5_0
pytz=2021.1=pypi_0
rdflib=5.0.0=pypi_0
readline=7.0=h7b6447c_5
regex=2020.11.13=pypi_0
requests=2.25.1=pypi_0
sacremoses=0.0.43=pypi_0
scikit-learn=0.24.0=pypi_0
scipy=1.5.4=pypi_0
sentencepiece=0.1.95=pypi_0
setuptools=45.1.0=py38_0
six=1.14.0=py38_0
sklearn=0.0=pypi_0
sqlite=3.30.1=h7b6447c_0
threadpoolctl=2.1.0=pypi_0
tk=8.6.8=hbc83047_0
tokenizers=0.8.0rc4=pypi_0
torch-cluster=1.5.9=pypi_0
torch-geometric=1.6.3=pypi_0
torch-scatter=2.0.6=pypi_0
torch-sparse=0.6.9=pypi_0
torch-spline-conv=1.2.1=pypi_0
torchaudio=0.7.2=py38
torchvision=0.8.2=py38_cu102
tqdm=4.58.0=pypi_0
transformers=3.0.0=pypi_0
typing_extensions=3.7.4.3=py_0
urllib3=1.26.3=pypi_0
wget=1.20.1=h22169c7_0
wheel=0.34.1=py38_0
xz=5.2.4=h14c3975_4
zlib=1.2.11=h7b6447c_3
zstd=1.3.7=h0b5b093_0
